%1

U = {'1'
    '2'
    '3'
    '4'
    '5'
    '6'
    '7'
    }

i = [ 2 3 4 4 5 7 1 4 7 5 6 7 1 7 2 3 4 5 7 6]
%i = what the k is being connected to
j = [ 1 1 1 2 2 2 3 3 3 4 4 4 5 5 6 6 6 6 6 7]
%j = From where the k is coming form.